1 version Lurieth
36 num components
1179 -1 -7 0 1 1644
1179 -1 -6 0 1 1644
1179 -1 -5 0 1 1644
1179 0 -7 0 1 1644
1179 0 -6 0 1 1644
1179 0 -5 0 1 1644
1179 1 -7 0 1 1644
1179 1 -6 0 1 1644
1179 1 -5 0 1 1644
1179 2 -7 0 1 1644
1179 2 -6 0 1 1644
1179 2 -5 0 1 1644
1179 -1 -4 0 1 1644
1179 0 -4 0 1 1644
1179 1 -4 0 1 1644
1179 2 -4 0 1 1644
1252 -2 -8 0 1 1644
1252 -1 -8 0 1 1644
1252 0 -8 0 1 1644
1252 1 -8 0 1 1644
1252 2 -8 0 1 1644
1252 3 -8 0 1 1644
1252 3 -7 0 1 1644
1252 3 -6 0 1 1644
1252 3 -5 0 1 1644
1252 3 -4 0 1 1644
1252 -2 -7 0 1 1644
1252 -2 -6 0 1 1644
1252 -2 -5 0 1 1644
1252 -2 -4 0 1 1644
1252 3 -3 0 1 1644
1252 -2 -3 0 1 1644
1252 -1 -3 0 1 1644
1252 0 -3 0 1 1644
1252 1 -3 0 1 1644
1252 2 -3 0 1 1644
